  0   0   0
  0   0  64
  0   0 128
  0   0 192
  0   0 255
  0  64   0
  0  64  64
  0  64 128
  0  64 192
  0  64 255
  0 128   0
  0 128  64
  0 128 128
  0 128 192
  0 128 255
  0 192   0
  0 192  64
  0 192 128
  0 192 192
  0 192 255
  0 255   0
  0 255  64
  0 255 128
  0 255 192
  0 255 255
 64   0   0
 64   0  64
 64   0 128
 64   0 192
 64   0 255
 64  64   0
 64  64  64
 64  64 128
 64  64 192
 64  64 255
 64 128   0
 64 128  64
 64 128 128
 64 128 192
 64 128 255
 64 192   0
 64 192  64
 64 192 128
 64 192 192
 64 192 255
 64 255   0
 64 255  64
 64 255 128
 64 255 192
 64 255 255
128   0   0
128   0  64
128   0 128
128   0 192
128   0 255
128  64   0
128  64  64
128  64 128
128  64 192
128  64 255
128 128   0
128 128  64
128 128 128
128 128 192
128 128 255
128 192   0
128 192  64
128 192 128
128 192 192
128 192 255
128 255   0
128 255  64
128 255 128
128 255 192
128 255 255
192   0   0
192   0  64
192   0 128
192   0 192
192   0 255
192  64   0
192  64  64
192  64 128
192  64 192
192  64 255
192 128   0
192 128  64
192 128 128
192 128 192
192 128 255
192 192   0
192 192  64
192 192 128
192 192 192
192 192 255
192 255   0
192 255  64
192 255 128
192 255 192
192 255 255
255   0   0
255   0  64
255   0 128
255   0 192
255   0 255
255  64   0
255  64  64
255  64 128
255  64 192
255  64 255
255 128   0
255 128  64
255 128 128
255 128 192
255 128 255
255 192   0
255 192  64
255 192 128
255 192 192
255 192 255
255 255   0
255 255  64
255 255 128
255 255 192
255 255 255
 64  32   0
128  32   0
128  96   0
128  96  64
192  32   0
192  96   0
192  96  64
192 160   0
192 160  64
192 160 128
255  32   0
255  96   0
255  96  64
255 160   0
255 160  64
255 160 128
255 224   0
255 224  64
255 224 128
255 224 192

