# Antiprism Resource File - http://www.antiprism.com
# This file may be copied, modified and redistributed
#
# colour map file
# rainbowc
# (built by Roger Kaufman)
# A rainbow that instead of skipping cyan as in the tradition ROYGBV rainbow,
# uses cyan in place of green
0	=	255	0	255	# magenta
1	=	255	0	248	
2	=	255	0	240	
3	=	255	0	232	
4	=	255	0	224	
5	=	255	0	216	
6	=	255	0	208	
7	=	255	0	200	
8	=	255	0	192	
9	=	255	0	184	
10	=	255	0	176	
11	=	255	0	168	
12	=	255	0	160	
13	=	255	0	152	
14	=	255	0	144	
15	=	255	0	136	
16	=	255	0	128	
17	=	255	0	120	
18	=	255	0	112	
19	=	255	0	104	
20	=	255	0	96	
21	=	255	0	88	
22	=	255	0	80	
23	=	255	0	72	
24	=	255	0	64	
25	=	255	0	56	
26	=	255	0	48	
27	=	255	0	40	
28	=	255	0	32	
29	=	255	0	24	
30	=	255	0	16	
31	=	255	0	8	
32	=	255	0	0	# red
33	=	255	4	0	
34	=	255	8	0	
35	=	255	12	0	
36	=	255	16	0	
37	=	255	20	0	
38	=	255	24	0	
39	=	255	28	0	
40	=	255	32	0	
41	=	255	36	0	
42	=	255	40	0	
43	=	255	44	0	
44	=	255	48	0	
45	=	255	52	0	
46	=	255	56	0	
47	=	255	60	0	
48	=	255	64	0	
49	=	255	68	0	
50	=	255	72	0	
51	=	255	76	0	
52	=	255	80	0	
53	=	255	84	0	
54	=	255	88	0	
55	=	255	92	0	
56	=	255	96	0	
57	=	255	100	0	
58	=	255	104	0	
59	=	255	108	0	
60	=	255	112	0	
61	=	255	116	0	
62	=	255	120	0	
63	=	255	124	0	
64	=	255	128	0	# orange
65	=	255	132	0	
66	=	255	136	0	
67	=	255	140	0	
68	=	255	144	0	
69	=	255	148	0	
70	=	255	152	0	
71	=	255	156	0	
72	=	255	160	0	
73	=	255	164	0	
74	=	255	168	0	
75	=	255	172	0	
76	=	255	176	0	
77	=	255	180	0	
78	=	255	184	0	
79	=	255	188	0	
80	=	255	192	0	
81	=	255	196	0	
82	=	255	200	0	
83	=	255	204	0	
84	=	255	208	0	
85	=	255	212	0	
86	=	255	216	0	
87	=	255	220	0	
88	=	255	224	0	
89	=	255	228	0	
90	=	255	232	0	
91	=	255	236	0	
92	=	255	240	0	
93	=	255	244	0	
94	=	255	248	0	
95	=	255	252	0	
96	=	255	255	0	# yellow
97	=	248	255	8	
98	=	240	255	16	
99	=	232	255	24	
100	=	224	255	32	
101	=	216	255	40	
102	=	208	255	48	
103	=	200	255	56	
104	=	192	255	64	
105	=	184	255	72	
106	=	176	255	80	
107	=	168	255	88	
108	=	160	255	96	
109	=	152	255	104	
110	=	144	255	112	
111	=	136	255	120	
112	=	128	255	128	
113	=	120	255	136	
114	=	112	255	144	
115	=	104	255	152	
116	=	96	255	160	
117	=	88	255	168	
118	=	80	255	176	
119	=	72	255	184	
120	=	64	255	192	
121	=	56	255	200	
122	=	48	255	208	
123	=	40	255	216	
124	=	32	255	224	
125	=	24	255	232	
126	=	16	255	240	
127	=	8	255	248	
128	=	0	255	255	# cyan
129	=	0	248	255	
130	=	0	240	255	
131	=	0	232	255	
132	=	0	224	255	
133	=	0	216	255	
134	=	0	208	255	
135	=	0	200	255	
136	=	0	192	255	
137	=	0	184	255	
138	=	0	176	255	
139	=	0	168	255	
140	=	0	160	255	
141	=	0	152	255	
142	=	0	144	255	
143	=	0	136	255	
144	=	0	128	255	
145	=	0	120	255	
146	=	0	112	255	
147	=	0	104	255	
148	=	0	96	255	
149	=	0	88	255	
150	=	0	80	255	
151	=	0	72	255	
152	=	0	64	255	
153	=	0	56	255	
154	=	0	48	255	
155	=	0	40	255	
156	=	0	32	255	
157	=	0	24	255	
158	=	0	16	255	
159	=	0	8	255	
160	=	0	0	255	# blue
161	=	8	0	255	
162	=	16	0	255	
163	=	24	0	255	
164	=	32	0	255	
165	=	40	0	255	
166	=	48	0	255	
167	=	56	0	255	
168	=	64	0	255	
169	=	72	0	255	
170	=	80	0	255	
171	=	88	0	255	
172	=	96	0	255	
173	=	104	0	255	
174	=	112	0	255	
175	=	120	0	255	
176	=	128	0	255	
177	=	136	0	255	
178	=	144	0	255	
179	=	152	0	255	
180	=	160	0	255	
181	=	168	0	255	
182	=	176	0	255	
183	=	184	0	255	
184	=	192	0	255	
185	=	200	0	255	
186	=	208	0	255	
187	=	216	0	255	
188	=	224	0	255	
189	=	232	0	255	
190	=	240	0	255	
191	=	248	0	255	
