OFF
# Antiprism Resource File - http://www.antiprism.com
# This file may be copied, modified and redistributed
#
# model file
# George Olshevsky faceting of the dodecahedron called huitzilopochtli
# off_util dod -x f -A f0,10,15 -x V | poly_kscope -s Ih | off_trans -S "1/sqrt(3+sqrt(5))" | off_util -M v -M s -O p
# (Roger Kaufman)
20 80 0
-0.5720614028176841 -0.2185080122244105 4.851852524732317e-17
-0.5720614028176841 0.2185080122244106 9.70370504946463e-17
-0.3535533905932736 -0.3535533905932737 -0.3535533905932736
-0.3535533905932737 -0.3535533905932737 0.3535533905932736
-0.3535533905932736 0.3535533905932739 -0.3535533905932735
-0.3535533905932737 0.3535533905932738 0.3535533905932735
-0.2185080122244105 0 -0.5720614028176841
-0.2185080122244105 2.675863001311108e-17 0.5720614028176841
-7.005500286670782e-17 -0.5720614028176841 -0.2185080122244105
0 -0.5720614028176841 0.2185080122244105
2.675863001311108e-17 0.5720614028176841 -0.2185080122244105
9.681363287981894e-17 0.5720614028176841 0.2185080122244105
0.2185080122244105 1.940741009892926e-16 -0.5720614028176841
0.2185080122244105 1.940741009892926e-16 0.5720614028176841
0.3535533905932738 -0.3535533905932738 -0.3535533905932737
0.3535533905932737 -0.3535533905932738 0.3535533905932737
0.3535533905932738 0.3535533905932737 -0.3535533905932738
0.3535533905932737 0.3535533905932737 0.3535533905932738
0.5720614028176841 -0.2185080122244105 0
0.5720614028176841 0.2185080122244104 2.425926262366158e-17
3 15 10 0 
3 0 10 18 
3 0 11 14 
3 18 11 0 
3 0 12 13 
3 17 12 0 
3 0 13 16 
3 0 14 17 
3 16 15 0 
3 1 8 17 
3 19 8 1 
3 16 9 1 
3 1 9 19 
3 13 12 1 
3 1 12 15 
3 14 13 1 
3 17 14 1 
3 1 15 16 
3 18 5 2 
3 2 5 19 
3 2 7 16 
3 19 7 2 
3 13 10 2 
3 2 10 15 
3 15 11 2 
3 2 11 18 
3 16 13 2 
3 3 4 18 
3 19 4 3 
3 17 6 3 
3 3 6 19 
3 3 10 14 
3 18 10 3 
3 3 11 12 
3 14 11 3 
3 3 12 17 
3 14 7 4 
3 4 7 18 
3 4 8 13 
3 17 8 4 
3 4 9 17 
3 19 9 4 
3 4 13 14 
3 5 6 15 
3 18 6 5 
3 16 8 5 
3 5 8 19 
3 12 9 5 
3 5 9 16 
3 15 12 5 
3 18 7 6 
3 6 7 19 
3 6 9 11 
3 17 9 6 
3 6 11 15 
3 10 8 7 
3 7 8 16 
3 14 10 7 
3 8 10 13 
3 12 11 9 
1 0 0.90196 0.45098 0.00000
1 1 0.90196 0.45098 0.00000
1 2 0.90196 0.45098 0.00000
1 3 0.90196 0.45098 0.00000
1 4 0.90196 0.45098 0.00000
1 5 0.90196 0.45098 0.00000
1 6 0.90196 0.45098 0.00000
1 7 0.90196 0.45098 0.00000
1 8 0.90196 0.45098 0.00000
1 9 0.90196 0.45098 0.00000
1 10 0.90196 0.45098 0.00000
1 11 0.90196 0.45098 0.00000
1 12 0.90196 0.45098 0.00000
1 13 0.90196 0.45098 0.00000
1 14 0.90196 0.45098 0.00000
1 15 0.90196 0.45098 0.00000
1 16 0.90196 0.45098 0.00000
1 17 0.90196 0.45098 0.00000
1 18 0.90196 0.45098 0.00000
1 19 0.90196 0.45098 0.00000
