OFF
# Antiprism Resource File - http://www.antiprism.com
# This file may be copied, modified and redistributed
#
# model file
# not a univerally accepted as a polyhedron
# skilling : Skillings_Figure Idisdrid
# command to generate (in Unix): off_util u75 uc14 -x ve -M ve | off_util -M s | off_color -f none | uniq -u | sed "s/ 284 / 204 /"
# (Roger Kaufman)
60 204 0
-0.6682348722113772 -0.1429011067568479 -0.1817730157320178
-0.6682348722113775 -0.1429011067568473 0.1817730157320172
-0.6682348722113773 0.1429011067568477 -0.1817730157320177
-0.6682348722113778 0.1429011067568467 0.1817730157320171
-0.5558929702514207 -0.4370160244488219 -1.328782898147408e-015
-0.5558929702514211 0.4370160244488211 -4.525188817411374e-016
-0.5253337654545296 -0.2312188477625566 -0.4129918634945742
-0.5253337654545307 -0.2312188477625577 0.4129918634945726
-0.5253337654545298 0.2312188477625565 -0.412991863494574
-0.5253337654545299 0.2312188477625564 0.4129918634945739
-0.437016024448821 -2.090628811124722e-017 -0.5558929702514216
-0.4370160244488213 -1.120054417217078e-015 0.5558929702514211
-0.4129918634945738 -0.5253337654545298 -0.2312188477625574
-0.4129918634945737 -0.5253337654545304 0.2312188477625559
-0.4129918634945737 0.5253337654545299 -0.2312188477625569
-0.4129918634945741 0.52533376545453 0.2312188477625559
-0.2312188477625557 -0.4129918634945731 -0.5253337654545311
-0.2312188477625559 -0.4129918634945747 0.5253337654545297
-0.2312188477625562 0.4129918634945736 -0.5253337654545304
-0.2312188477625562 0.4129918634945741 0.5253337654545299
-0.1817730157320172 -0.6682348722113775 -0.1429011067568481
-0.1817730157320174 -0.6682348722113773 0.1429011067568473
-0.1817730157320172 0.6682348722113772 -0.1429011067568474
-0.1817730157320181 0.6682348722113772 0.1429011067568474
-0.1429011067568473 -0.1817730157320169 -0.6682348722113777
-0.1429011067568476 -0.1817730157320188 0.6682348722113772
-0.1429011067568469 0.1817730157320182 -0.6682348722113775
-0.1429011067568476 0.1817730157320178 0.6682348722113773
-6.478910528007954e-016 -0.5558929702514206 -0.4370160244488223
2.235466774873461e-016 -0.5558929702514217 0.4370160244488208
2.387955284899324e-016 0.5558929702514214 -0.4370160244488212
-1.730115616743744e-016 0.5558929702514211 0.4370160244488209
0.1429011067568487 -0.1817730157320163 -0.6682348722113775
0.1429011067568469 -0.1817730157320184 0.6682348722113773
0.1429011067568477 0.181773015732017 -0.6682348722113773
0.1429011067568476 0.1817730157320179 0.6682348722113773
0.1817730157320173 -0.6682348722113775 -0.1429011067568476
0.1817730157320182 -0.6682348722113775 0.142901106756847
0.1817730157320172 0.6682348722113772 -0.1429011067568477
0.1817730157320177 0.6682348722113773 0.1429011067568473
0.2312188477625566 -0.4129918634945734 -0.5253337654545303
0.2312188477625564 -0.4129918634945749 0.5253337654545295
0.2312188477625563 0.4129918634945737 -0.5253337654545303
0.2312188477625561 0.412991863494574 0.52533376545453
0.4129918634945746 -0.5253337654545291 -0.2312188477625568
0.4129918634945744 -0.5253337654545298 0.2312188477625562
0.4129918634945738 0.5253337654545298 -0.2312188477625567
0.412991863494574 0.52533376545453 0.2312188477625561
0.437016024448821 4.554326750796922e-017 -0.5558929702514214
0.437016024448821 -3.202462166979059e-016 0.5558929702514211
0.5253337654545301 -0.2312188477625554 -0.4129918634945742
0.5253337654545299 -0.2312188477625567 0.4129918634945736
0.52533376545453 0.2312188477625566 -0.4129918634945737
0.5253337654545301 0.2312188477625562 0.4129918634945737
0.5558929702514211 -0.4370160244488212 -5.397405228382896e-016
0.5558929702514213 0.437016024448821 -4.070298243417925e-016
0.6682348722113775 -0.1429011067568473 -0.1817730157320175
0.6682348722113776 -0.1429011067568478 0.1817730157320172
0.6682348722113773 0.1429011067568473 -0.1817730157320175
0.6682348722113775 0.1429011067568473 0.1817730157320175
3 0 19 29 
3 0 19 30 
3 0 23 25 
3 0 25 36 
3 0 29 40 
3 0 34 36 
3 1 18 28 
3 1 18 31 
3 1 22 24 
3 1 24 37 
3 1 28 41 
3 1 35 37 
3 2 17 28 
3 2 17 31 
3 2 21 27 
3 2 27 38 
3 2 31 42 
3 2 32 38 
3 3 16 29 
3 3 16 30 
3 3 20 26 
3 3 26 39 
3 3 30 43 
3 3 33 39 
3 4 14 27 
3 4 14 32 
3 4 15 26 
3 4 15 33 
3 4 26 44 
3 4 27 45 
3 5 12 25 
3 5 12 34 
3 5 13 24 
3 5 13 35 
3 5 24 46 
3 5 25 47 
3 6 11 37 
3 6 15 17 
3 6 17 44 
3 6 22 48 
3 6 37 48 
3 6 42 44 
3 7 10 36 
3 7 14 16 
3 7 16 45 
3 7 23 49 
3 7 36 49 
3 7 43 45 
3 8 11 39 
3 8 13 19 
3 8 19 46 
3 8 20 48 
3 8 39 48 
3 8 40 46 
3 9 10 38 
3 9 12 18 
3 9 18 47 
3 9 21 49 
3 9 38 49 
3 9 41 47 
3 10 21 50 
3 10 23 52 
3 10 36 52 
3 10 38 50 
3 11 20 51 
3 11 22 53 
3 11 37 53 
3 11 39 51 
3 12 18 50 
3 12 34 54 
3 12 41 50 
3 13 19 51 
3 13 35 54 
3 13 40 51 
3 14 16 52 
3 14 32 55 
3 14 43 52 
3 15 17 53 
3 15 33 55 
3 15 42 53 
3 16 29 56 
3 17 28 57 
3 18 31 58 
3 19 30 59 
3 20 26 56 
3 20 33 56 
3 20 48 51 
3 21 27 57 
3 21 32 57 
3 21 49 50 
3 22 24 58 
3 22 35 58 
3 22 48 53 
3 23 25 59 
3 23 34 59 
3 23 49 52 
3 24 46 54 
3 25 47 54 
3 26 44 55 
3 27 45 55 
3 28 41 58 
3 28 42 57 
3 29 40 59 
3 29 43 56 
3 30 40 59 
3 30 43 56 
3 31 41 58 
3 31 42 57 
3 32 38 57 
3 32 45 55 
3 33 39 56 
3 33 44 55 
3 34 36 59 
3 34 47 54 
3 35 37 58 
3 35 46 54 
3 40 46 51 
3 41 47 50 
3 42 44 53 
3 43 45 52 
4 0 19 59 40 
4 0 23 59 36 
4 0 25 59 34 
4 0 29 59 30 
4 1 18 58 41 
4 1 22 58 37 
4 1 24 58 35 
4 1 28 58 31 
4 2 17 57 42 
4 2 21 57 38 
4 2 27 57 32 
4 2 28 57 31 
4 3 16 56 43 
4 3 20 56 39 
4 3 26 56 33 
4 3 29 56 30 
4 4 14 55 45 
4 4 15 55 44 
4 4 26 55 33 
4 4 27 55 32 
4 5 12 54 47 
4 5 13 54 46 
4 5 24 54 35 
4 5 25 54 34 
4 6 11 53 48 
4 6 15 53 44 
4 6 17 53 42 
4 6 22 53 37 
4 7 10 52 49 
4 7 14 52 45 
4 7 16 52 43 
4 7 23 52 36 
4 8 11 51 48 
4 8 13 51 46 
4 8 19 51 40 
4 8 20 51 39 
4 9 10 50 49 
4 9 12 50 47 
4 9 18 50 41 
4 9 21 50 38 
4 10 21 49 38 
4 10 23 49 36 
4 11 20 48 39 
4 11 22 48 37 
4 12 18 47 41 
4 12 25 47 34 
4 13 19 46 40 
4 13 24 46 35 
4 14 16 45 43 
4 14 27 45 32 
4 15 17 44 42 
4 15 26 44 33 
4 16 29 43 30 
4 17 28 42 31 
4 18 28 41 31 
4 19 29 40 30 
4 20 26 39 33 
4 21 27 38 32 
4 22 24 37 35 
4 23 25 36 34 
5 0 19 13 5 25 
5 0 29 16 7 36 
5 1 18 12 5 24 
5 1 28 17 6 37 
5 2 17 15 4 27 
5 2 31 18 9 38 
5 3 16 14 4 26 
5 3 30 19 8 39 
5 6 44 26 20 48 
5 7 45 27 21 49 
5 8 46 24 22 48 
5 9 47 25 23 49 
5 10 36 34 12 50 
5 10 38 32 14 52 
5 11 37 35 13 51 
5 11 39 33 15 53 
5 20 51 40 29 56 
5 21 50 41 28 57 
5 22 53 42 31 58 
5 23 52 43 30 59 
5 32 55 44 42 57 
5 33 55 45 43 56 
5 34 54 46 40 59 
5 35 54 47 41 58 
