OFF
# Antiprism Resource File - http://www.antiprism.com
# This file may be copied, modified and redistributed
#
# model file
# not a univerally accepted as a polyhedron
# skilling_d : dual of Skillings_Figure
# command to generate (in Unix): off_util u75_d uc14_d -x ve -M ve | off_util -M s | off_color -f none | uniq -u
# (Roger Kaufman)
212 180 0
-1077.330573810459 -230.3856589091714 -293.055085098712
-1077.330573810459 -230.3856589091714 293.055085098712
-1077.330573810459 230.3856589091714 -293.055085098712
-1077.330573810459 230.3856589091714 293.055085098712
-896.2125706434625 -704.5587471748801 6.328271240363392e-14
-896.2125706434625 704.5587471748801 6.328271240363392e-14
-846.9449149012883 -372.7718266355793 -665.8269117342913
-846.9449149012883 -372.7718266355793 665.8269117342913
-846.9449149012883 372.7718266355793 -665.8269117342913
-846.9449149012883 372.7718266355793 665.8269117342913
-704.5587471748801 -6.328271240363392e-14 -896.2125706434625
-704.5587471748801 -6.328271240363392e-14 896.2125706434625
-665.8269117342913 -846.9449149012883 -372.7718266355793
-665.8269117342913 -846.9449149012883 372.7718266355793
-665.8269117342913 846.9449149012883 -372.7718266355793
-665.8269117342913 846.9449149012883 372.7718266355793
-372.7718266355793 -665.8269117342913 -846.944914901288
-372.7718266355793 -665.8269117342913 846.944914901288
-372.7718266355791 665.8269117342911 -846.944914901288
-372.7718266355791 665.8269117342911 846.944914901288
-293.055085098712 -1077.330573810459 -230.3856589091714
-293.055085098712 -1077.330573810459 230.3856589091714
-293.055085098712 1077.330573810459 -230.3856589091713
-293.055085098712 1077.330573810459 230.3856589091714
-230.3856589091714 -293.055085098712 -1077.330573810459
-230.3856589091714 -293.055085098712 1077.330573810459
-230.3856589091714 293.055085098712 -1077.330573810459
-230.3856589091714 293.055085098712 1077.33057381046
-0.5847722383558298 -0.0594384729012996 -0.1717803748612565
-0.5847722383558299 -0.05943847290129977 0.1717803748612566
-0.5847722383558298 0.05943847290129991 -0.1717803748612565
-0.5847722383558298 0.05943847290129962 0.1717803748612566
-0.5720614028176843 -0.2185080122244104 0
-0.5720614028176843 0.2185080122244104 0
-0.5558929702514209 -0.1350453783688629 -0.2185080122244109
-0.5558929702514208 -0.135045378368863 0.2185080122244111
-0.5558929702514209 0.135045378368863 -0.2185080122244112
-0.5558929702514208 0.1350453783688632 0.2185080122244109
-0.4964544973501213 -0.1717803748612558 -0.3146814816181033
-0.4964544973501209 -0.1717803748612557 0.3146814816181037
-0.496454497350121 0.1717803748612558 -0.3146814816181037
-0.4964544973501213 0.1717803748612559 0.3146814816181034
-0.4497268599869664 -0.4129918634945741 -0.04672763736315438
-0.4497268599869664 -0.4129918634945741 0.04672763736315454
-0.449726859986967 -0.142901106756847 -0.3902883870856668
-0.449726859986967 -0.1429011067568466 0.3902883870856667
-0.4497268599869667 0 -0.2779464851257105
-0.4497268599869667 0 0.2779464851257106
-0.449726859986967 0.1429011067568466 -0.3902883870856667
-0.449726859986967 0.1429011067568471 0.3902883870856669
-0.4497268599869664 0.4129918634945741 -0.04672763736315459
-0.4497268599869663 0.4129918634945743 0.04672763736315437
-0.4129918634945741 -0.04672763736315435 -0.4497268599869664
-0.4129918634945742 -0.04672763736315411 0.4497268599869664
-0.4129918634945742 0.04672763736315408 -0.4497268599869666
-0.4129918634945741 0.04672763736315443 0.4497268599869664
-0.3902883870856665 -0.449726859986967 -0.1429011067568471
-0.3902883870856667 -0.4497268599869668 0.1429011067568471
-0.3902883870856667 0.4497268599869669 -0.1429011067568471
-0.3902883870856666 0.449726859986967 0.1429011067568469
-0.3535533905932736 -0.3535533905932736 -0.3535533905932736
-0.3535533905932736 -0.3535533905932736 0.3535533905932736
-0.3535533905932736 0.3535533905932736 -0.3535533905932736
-0.3535533905932736 0.3535533905932736 0.3535533905932736
-0.3146814816181034 -0.4964544973501211 -0.1717803748612557
-0.3146814816181036 -0.4964544973501211 0.171780374861256
-0.3146814816181034 0.4964544973501213 -0.1717803748612558
-0.3146814816181034 0.4964544973501212 0.1717803748612557
-0.2779464851257105 -0.4497268599869667 0
-0.2779464851257105 0.4497268599869667 1.129046207281194e-17
-0.2185080122244109 -0.5558929702514213 -0.1350453783688631
-0.2185080122244111 -0.5558929702514208 0.1350453783688634
-0.2185080122244104 0 -0.5720614028176843
-0.2185080122244104 -4.906538933386797e-18 0.5720614028176843
-0.218508012224411 0.555892970251421 -0.1350453783688632
-0.2185080122244109 0.5558929702514211 0.1350453783688629
-0.1717803748612566 -0.5847722383558298 -0.0594384729012998
-0.1717803748612565 -0.58477223835583 0.05943847290129969
-0.171780374861256 -0.3146814816181035 -0.4964544973501211
-0.1717803748612563 -0.3146814816181032 0.4964544973501213
-0.1717803748612562 0.3146814816181031 -0.4964544973501213
-0.1717803748612559 0.3146814816181036 0.4964544973501211
-0.1717803748612564 0.5847722383558301 -0.05943847290129968
-0.1717803748612564 0.5847722383558299 0.05943847290129972
-0.1429011067568468 -0.390288387085667 -0.4497268599869666
-0.142901106756847 -0.3902883870856665 0.4497268599869669
-0.1429011067568469 0.3902883870856667 -0.4497268599869668
-0.1429011067568468 0.390288387085667 0.4497268599869666
-0.1350453783688633 -0.2185080122244108 -0.5558929702514208
-0.1350453783688632 -0.2185080122244106 0.5558929702514211
-0.1350453783688632 0.2185080122244105 -0.5558929702514211
-0.1350453783688632 0.2185080122244107 0.5558929702514209
-0.05943847290129982 -0.1717803748612564 -0.5847722383558298
-0.05943847290129976 -0.1717803748612566 0.5847722383558299
-0.05943847290129965 0.1717803748612564 -0.5847722383558298
-0.05943847290129978 0.1717803748612563 0.5847722383558298
-0.04672763736315445 -0.4497268599869668 -0.412991863494574
-0.04672763736315448 -0.4497268599869665 0.4129918634945742
-0.04672763736315434 0.4497268599869667 -0.4129918634945741
-0.04672763736315445 0.4497268599869667 0.4129918634945738
6.328086203192622e-14 -896.2125706434625 -704.5587471748803
6.328086203192622e-14 -896.2125706434625 704.5587471748801
-1.850371707708594e-18 -0.5720614028176843 -0.2185080122244104
-1.850371707708594e-18 -0.5720614028176843 0.2185080122244104
-1.850371707708594e-18 -0.2779464851257105 -0.4497268599869667
-1.314083378052053e-17 -0.2779464851257105 0.4497268599869667
9.440090365103346e-18 0.2779464851257105 -0.4497268599869667
-1.850371707708594e-18 0.2779464851257105 0.4497268599869667
-1.850371707708594e-18 0.5720614028176843 -0.2185080122244104
-1.850371707708594e-18 0.5720614028176843 0.2185080122244104
-6.328456277534163e-14 896.2125706434625 -704.5587471748801
6.328086203192622e-14 896.2125706434625 704.5587471748801
0.04672763736315429 -0.4497268599869667 -0.4129918634945738
0.04672763736315422 -0.4497268599869664 0.412991863494574
0.04672763736315434 0.4497268599869663 -0.412991863494574
0.04672763736315431 0.4497268599869667 0.4129918634945738
0.05943847290129971 -0.1717803748612563 -0.58477223835583
0.05943847290129949 -0.1717803748612564 0.5847722383558299
0.0594384729012996 0.1717803748612566 -0.58477223835583
0.05943847290129972 0.1717803748612564 0.5847722383558299
0.1350453783688632 -0.2185080122244109 -0.5558929702514209
0.1350453783688634 -0.2185080122244106 0.5558929702514213
0.1350453783688634 0.2185080122244106 -0.5558929702514211
0.1350453783688632 0.218508012224411 0.5558929702514208
0.1429011067568468 -0.3902883870856672 -0.4497268599869665
0.142901106756847 -0.390288387085667 0.4497268599869669
0.142901106756847 0.3902883870856669 -0.449726859986967
0.1429011067568468 0.3902883870856672 0.4497268599869665
0.1717803748612563 -0.5847722383558299 -0.05943847290129994
0.1717803748612565 -0.5847722383558298 0.05943847290129974
0.171780374861256 -0.3146814816181036 -0.4964544973501213
0.171780374861256 -0.314681481618103 0.4964544973501215
0.1717803748612561 0.314681481618103 -0.4964544973501213
0.1717803748612562 0.3146814816181035 0.4964544973501214
0.1717803748612565 0.5847722383558298 -0.05943847290129977
0.1717803748612564 0.5847722383558298 0.0594384729013
0.2185080122244107 -0.5558929702514209 -0.1350453783688629
0.2185080122244108 -0.5558929702514208 0.1350453783688631
0.2185080122244104 -4.906538933386797e-18 -0.5720614028176843
0.2185080122244104 0 0.5720614028176843
0.2185080122244109 0.5558929702514207 -0.1350453783688632
0.2185080122244108 0.555892970251421 0.135045378368863
0.2779464851257106 -0.4497268599869667 0
0.2779464851257105 0.4497268599869667 0
0.3146814816181035 -0.4964544973501214 -0.1717803748612558
0.3146814816181033 -0.4964544973501214 0.1717803748612559
0.3146814816181034 0.4964544973501213 -0.171780374861256
0.3146814816181036 0.4964544973501214 0.1717803748612558
0.3535533905932736 -0.3535533905932736 -0.3535533905932736
0.3535533905932736 -0.3535533905932736 0.3535533905932736
0.3535533905932736 0.3535533905932736 -0.3535533905932736
0.3535533905932736 0.3535533905932736 0.3535533905932736
0.3902883870856667 -0.449726859986967 -0.1429011067568469
0.3902883870856665 -0.4497268599869668 0.1429011067568474
0.3902883870856666 0.4497268599869668 -0.1429011067568474
0.3902883870856669 0.4497268599869668 0.142901106756847
0.4129918634945738 -0.04672763736315429 -0.4497268599869667
0.4129918634945741 -0.046727637363154 0.4497268599869665
0.4129918634945742 0.04672763736315402 -0.4497268599869663
0.4129918634945738 0.04672763736315431 0.4497268599869665
0.4497268599869665 -0.412991863494574 -0.04672763736315426
0.4497268599869664 -0.4129918634945742 0.04672763736315479
0.4497268599869669 -0.1429011067568471 -0.3902883870856667
0.4497268599869669 -0.1429011067568468 0.3902883870856667
0.4497268599869667 0 -0.2779464851257106
0.4497268599869667 0 0.2779464851257105
0.4497268599869669 0.1429011067568469 -0.3902883870856664
0.4497268599869668 0.142901106756847 0.3902883870856665
0.4497268599869664 0.4129918634945742 -0.04672763736315481
0.4497268599869666 0.412991863494574 0.04672763736315435
0.4964544973501211 -0.1717803748612562 -0.3146814816181035
0.4964544973501212 -0.1717803748612559 0.3146814816181036
0.4964544973501213 0.1717803748612558 -0.3146814816181037
0.496454497350121 0.1717803748612559 0.3146814816181036
0.555892970251421 -0.1350453783688633 -0.218508012224411
0.5558929702514208 -0.135045378368863 0.2185080122244109
0.5558929702514208 0.1350453783688629 -0.2185080122244109
0.5558929702514209 0.1350453783688631 0.218508012224411
0.5720614028176843 -0.2185080122244104 0
0.5720614028176843 0.2185080122244104 0
0.5847722383558298 -0.05943847290129978 -0.1717803748612564
0.58477223835583 -0.05943847290129976 0.1717803748612564
0.58477223835583 0.05943847290129966 -0.1717803748612565
0.5847722383558298 0.05943847290129982 0.1717803748612564
230.3856589091714 -293.055085098712 -1077.330573810459
230.3856589091714 -293.055085098712 1077.330573810459
230.3856589091714 293.055085098712 -1077.33057381046
230.3856589091714 293.055085098712 1077.33057381046
293.055085098712 -1077.330573810459 -230.3856589091714
293.055085098712 -1077.330573810459 230.3856589091713
293.055085098712 1077.330573810459 -230.3856589091714
293.055085098712 1077.330573810459 230.3856589091714
372.7718266355793 -665.8269117342913 -846.944914901288
372.7718266355791 -665.8269117342911 846.944914901288
372.7718266355791 665.8269117342911 -846.944914901288
372.7718266355791 665.8269117342911 846.944914901288
665.8269117342913 -846.9449149012883 -372.7718266355793
665.8269117342913 -846.9449149012883 372.7718266355793
665.8269117342913 846.944914901288 -372.7718266355793
665.8269117342913 846.944914901288 372.7718266355793
704.5587471748801 6.328271240363392e-14 -896.2125706434625
704.5587471748801 6.328271240363392e-14 896.2125706434625
846.9449149012883 -372.7718266355793 -665.8269117342913
846.9449149012883 -372.7718266355793 665.8269117342913
846.9449149012883 372.7718266355793 -665.8269117342913
846.944914901288 372.7718266355793 665.8269117342913
896.2125706434625 -704.5587471748801 -6.328271240363392e-14
896.2125706434625 704.5587471748801 6.328271240363392e-14
1077.330573810459 -230.3856589091713 -293.055085098712
1077.330573810459 -230.3856589091714 293.055085098712
1077.330573810459 230.3856589091714 -293.055085098712
1077.330573810459 230.3856589091714 293.055085098712
4 28 63 117 77 
4 28 63 134 94 
4 28 77 148 94 
4 29 62 116 76 
4 29 62 135 95 
4 29 76 149 95 
4 30 61 119 83 
4 30 61 128 92 
4 30 83 150 92 
4 31 60 118 82 
4 31 60 129 93 
4 31 82 151 93 
4 32 58 115 89 
4 32 58 122 96 
4 32 59 114 88 
4 32 59 123 97 
4 32 88 152 97 
4 32 89 153 96 
4 33 56 113 91 
4 33 56 120 98 
4 33 57 112 90 
4 33 57 121 99 
4 33 90 154 99 
4 33 91 155 98 
4 34 55 109 86 
4 34 55 125 102 
4 34 86 156 102 
4 35 54 108 87 
4 35 54 124 103 
4 35 87 157 103 
4 36 53 103 84 
4 36 53 127 108 
4 36 84 158 108 
4 37 52 102 85 
4 37 52 126 109 
4 37 85 159 109 
4 38 61 81 66 
4 38 61 145 130 
4 38 66 150 130 
4 39 60 80 67 
4 39 60 144 131 
4 39 67 151 131 
4 40 63 79 64 
4 40 63 147 132 
4 40 64 148 132 
4 41 62 78 65 
4 41 62 146 133 
4 41 65 149 133 
4 42 49 74 72 
4 42 49 139 137 
4 42 72 162 137 
4 43 48 75 73 
4 43 48 138 136 
4 43 73 163 136 
4 44 51 73 71 
4 44 51 140 138 
4 44 71 160 138 
4 45 50 72 70 
4 45 50 141 139 
4 45 70 161 139 
4 48 75 168 138 
4 49 74 169 139 
4 50 72 166 141 
4 51 73 167 140 
4 52 102 174 126 
4 53 103 175 127 
4 54 108 176 124 
4 55 109 177 125 
4 56 113 178 120 
4 57 112 178 121 
4 58 115 179 122 
4 59 114 179 123 
4 60 80 172 144 
4 60 118 180 129 
4 61 81 173 145 
4 61 119 181 128 
4 62 78 170 146 
4 62 116 182 135 
4 63 79 171 147 
4 63 117 183 134 
4 64 79 171 148 
4 65 78 170 149 
4 66 81 173 150 
4 67 80 172 151 
4 70 72 166 161 
4 71 73 167 160 
4 72 74 169 162 
4 73 75 168 163 
4 76 116 182 149 
4 77 117 183 148 
4 82 118 180 151 
4 83 119 181 150 
4 84 103 175 158 
4 85 102 174 159 
4 86 109 177 156 
4 87 108 176 157 
4 88 114 179 152 
4 89 115 179 153 
4 90 112 178 154 
4 91 113 178 155 
4 92 128 181 150 
4 93 129 180 151 
4 94 134 183 148 
4 95 135 182 149 
4 96 122 179 153 
4 97 123 179 152 
4 98 120 178 155 
4 99 121 178 154 
4 102 125 177 156 
4 103 124 176 157 
4 108 127 175 158 
4 109 126 174 159 
4 130 145 173 150 
4 131 144 172 151 
4 132 147 171 148 
4 133 146 170 149 
4 136 138 168 163 
4 137 139 169 162 
4 138 140 167 160 
4 139 141 166 161 
128 0 62 23 164 199 108 206 104 0 62 23 164 12 108 5 104 211 62 188 164 199 108 5 104 211 62 188 164 12 108 5 104 211 62 23 164 199 108 5 104 211 62 23 164 12 108 5 104 0 62 188 164 199 108 5 104 0 62 188 164 12 108 5 104 0 62 23 164 199 108 5 104 0 62 23 164 12 108 206 104 211 62 188 164 199 108 206 104 211 62 188 164 12 108 206 104 211 62 23 164 199 108 206 104 211 62 23 164 12 108 206 104 0 62 188 164 199 108 206 104 0 62 188 164 12 108 206 104 
128 0 62 25 143 10 33 7 107 211 62 25 143 10 33 204 107 211 62 25 143 10 33 7 107 0 62 186 143 10 33 204 107 0 62 186 143 10 33 7 107 211 62 186 143 10 33 204 107 211 62 186 143 10 33 7 107 0 62 25 143 201 33 204 107 0 62 25 143 201 33 7 107 211 62 25 143 201 33 204 107 211 62 25 143 201 33 7 107 0 62 186 143 201 33 204 107 0 62 186 143 201 33 7 107 211 62 186 143 201 33 204 107 211 62 186 143 201 33 7 107 0 62 25 143 10 33 204 107 
128 0 69 16 138 208 143 19 72 0 69 195 138 3 143 19 72 0 69 16 138 3 143 19 72 0 69 195 138 208 143 192 72 0 69 16 138 208 143 192 72 0 69 195 138 3 143 192 72 0 69 16 138 3 143 192 72 0 69 195 138 208 143 19 72 211 69 16 138 208 143 19 72 211 69 195 138 3 143 19 72 211 69 16 138 3 143 19 72 211 69 195 138 208 143 192 72 211 69 16 138 208 143 192 72 211 69 195 138 3 143 192 72 211 69 16 138 3 143 192 72 211 69 195 138 208 143 19 72 
128 0 69 198 151 8 47 101 139 211 69 198 151 8 47 101 139 0 69 13 151 203 47 110 139 211 69 13 151 203 47 110 139 0 69 13 151 203 47 101 139 211 69 13 151 203 47 101 139 0 69 13 151 8 47 110 139 211 69 13 151 8 47 110 139 0 69 13 151 8 47 101 139 211 69 13 151 8 47 101 139 0 69 198 151 203 47 110 139 211 69 198 151 203 47 110 139 0 69 198 151 203 47 101 139 211 69 198 151 203 47 101 139 0 69 198 151 8 47 110 139 211 69 198 151 8 47 110 139 
128 0 72 110 164 8 60 198 142 211 72 110 164 8 60 198 142 0 72 101 164 203 60 198 142 211 72 101 164 203 60 198 142 0 72 110 164 203 60 198 142 211 72 110 164 203 60 198 142 0 72 101 164 8 60 13 142 211 72 101 164 8 60 13 142 0 72 110 164 8 60 13 142 211 72 110 164 8 60 13 142 0 72 101 164 203 60 13 142 211 72 101 164 203 60 13 142 0 72 110 164 203 60 13 142 211 72 110 164 203 60 13 142 0 72 101 164 8 60 198 142 211 72 101 164 8 60 198 142 
128 0 104 7 178 201 68 186 149 211 104 204 178 201 68 186 149 211 104 7 178 201 68 186 149 0 104 204 178 201 68 186 149 0 104 7 178 201 68 25 149 211 104 204 178 201 68 25 149 211 104 7 178 201 68 25 149 0 104 204 178 201 68 25 149 0 104 7 178 10 68 186 149 211 104 204 178 10 68 186 149 211 104 7 178 10 68 186 149 0 104 204 178 10 68 186 149 0 104 7 178 10 68 25 149 211 104 204 178 10 68 25 149 211 104 7 178 10 68 25 149 0 104 204 178 10 68 25 149 
128 0 107 206 103 199 47 23 149 0 107 206 103 12 47 188 149 0 107 206 103 199 47 188 149 0 107 206 103 12 47 23 149 211 107 206 103 199 47 23 149 211 107 206 103 12 47 188 149 211 107 206 103 199 47 188 149 211 107 206 103 12 47 23 149 0 107 5 103 199 47 23 149 0 107 5 103 12 47 188 149 0 107 5 103 199 47 188 149 0 107 5 103 12 47 23 149 211 107 5 103 199 47 23 149 211 107 5 103 12 47 188 149 211 107 5 103 199 47 188 149 211 107 5 103 12 47 23 149 
128 0 139 19 68 208 73 195 142 211 139 192 68 3 73 16 142 211 139 192 68 3 73 195 142 211 139 192 68 208 73 16 142 211 139 192 68 208 73 195 142 211 139 19 68 3 73 16 142 211 139 19 68 3 73 195 142 211 139 19 68 208 73 16 142 211 139 19 68 208 73 195 142 0 139 192 68 3 73 16 142 0 139 192 68 3 73 195 142 0 139 192 68 208 73 16 142 0 139 192 68 208 73 195 142 0 139 19 68 3 73 16 142 0 139 19 68 3 73 195 142 0 139 19 68 208 73 16 142 
128 1 63 24 143 11 33 6 106 210 63 24 143 11 33 205 106 210 63 24 143 11 33 6 106 1 63 187 143 11 33 205 106 1 63 187 143 11 33 6 106 210 63 187 143 11 33 205 106 210 63 187 143 11 33 6 106 1 63 24 143 200 33 205 106 1 63 24 143 200 33 6 106 210 63 24 143 200 33 205 106 210 63 24 143 200 33 6 106 1 63 187 143 200 33 205 106 1 63 187 143 200 33 6 106 210 63 187 143 200 33 205 106 210 63 187 143 200 33 6 106 1 63 24 143 11 33 205 106 
128 1 63 189 165 198 109 206 105 1 63 189 165 13 109 5 105 210 63 22 165 198 109 5 105 210 63 22 165 13 109 5 105 210 63 189 165 198 109 5 105 210 63 189 165 13 109 5 105 1 63 22 165 198 109 5 105 1 63 22 165 13 109 5 105 1 63 189 165 198 109 5 105 1 63 189 165 13 109 206 105 210 63 22 165 198 109 206 105 210 63 22 165 13 109 206 105 210 63 189 165 198 109 206 105 210 63 189 165 13 109 206 105 1 63 22 165 198 109 206 105 1 63 22 165 13 109 206 105 
128 1 69 17 139 209 143 193 73 1 69 194 139 2 143 193 73 1 69 17 139 2 143 193 73 1 69 194 139 209 143 18 73 1 69 17 139 209 143 18 73 1 69 194 139 2 143 18 73 1 69 17 139 2 143 18 73 1 69 194 139 209 143 193 73 210 69 17 139 209 143 193 73 210 69 194 139 2 143 193 73 210 69 17 139 2 143 193 73 210 69 194 139 209 143 18 73 210 69 17 139 209 143 18 73 210 69 194 139 2 143 18 73 210 69 17 139 2 143 18 73 210 69 194 139 209 143 193 73 
128 1 69 199 150 202 46 111 138 210 69 199 150 202 46 111 138 1 69 12 150 9 46 100 138 210 69 12 150 9 46 100 138 1 69 12 150 9 46 111 138 210 69 12 150 9 46 111 138 1 69 12 150 202 46 100 138 210 69 12 150 202 46 100 138 1 69 12 150 202 46 111 138 210 69 12 150 202 46 111 138 1 69 199 150 9 46 100 138 210 69 199 150 9 46 100 138 1 69 199 150 9 46 111 138 210 69 199 150 9 46 111 138 1 69 199 150 202 46 100 138 210 69 199 150 202 46 100 138 
128 1 73 100 165 202 61 199 142 210 73 100 165 202 61 199 142 1 73 111 165 9 61 199 142 210 73 111 165 9 61 199 142 1 73 100 165 9 61 199 142 210 73 100 165 9 61 199 142 1 73 111 165 202 61 12 142 210 73 111 165 202 61 12 142 1 73 100 165 202 61 12 142 210 73 100 165 202 61 12 142 1 73 111 165 9 61 12 142 210 73 111 165 9 61 12 142 1 73 100 165 9 61 12 142 210 73 100 165 9 61 12 142 1 73 111 165 202 61 199 142 210 73 111 165 202 61 199 142 
128 1 105 6 178 200 68 187 148 210 105 205 178 200 68 187 148 210 105 6 178 200 68 187 148 1 105 205 178 200 68 187 148 1 105 6 178 200 68 24 148 210 105 205 178 200 68 24 148 210 105 6 178 200 68 24 148 1 105 205 178 200 68 24 148 1 105 6 178 11 68 187 148 210 105 205 178 11 68 187 148 210 105 6 178 11 68 187 148 1 105 205 178 11 68 187 148 1 105 6 178 11 68 24 148 210 105 205 178 11 68 24 148 210 105 6 178 11 68 24 148 1 105 205 178 11 68 24 148 
128 1 106 206 102 198 46 189 148 1 106 206 102 13 46 22 148 1 106 206 102 198 46 22 148 1 106 206 102 13 46 189 148 210 106 206 102 198 46 189 148 210 106 206 102 13 46 22 148 210 106 206 102 198 46 22 148 210 106 206 102 13 46 189 148 1 106 5 102 198 46 189 148 1 106 5 102 13 46 22 148 1 106 5 102 198 46 22 148 1 106 5 102 13 46 189 148 210 106 5 102 198 46 189 148 210 106 5 102 13 46 22 148 210 106 5 102 198 46 22 148 210 106 5 102 13 46 189 148 
128 1 138 193 68 209 72 194 142 210 138 18 68 2 72 17 142 210 138 18 68 2 72 194 142 210 138 18 68 209 72 17 142 210 138 18 68 209 72 194 142 210 138 193 68 2 72 17 142 210 138 193 68 2 72 194 142 210 138 193 68 209 72 17 142 210 138 193 68 209 72 194 142 1 138 18 68 2 72 17 142 1 138 18 68 2 72 194 142 1 138 18 68 209 72 17 142 1 138 18 68 209 72 194 142 1 138 193 68 2 72 17 142 1 138 193 68 2 72 194 142 1 138 193 68 209 72 17 142 
128 2 60 184 142 10 32 9 105 2 60 184 142 10 32 202 105 209 60 27 142 10 32 9 105 209 60 27 142 10 32 202 105 2 60 27 142 10 32 9 105 2 60 27 142 10 32 202 105 209 60 184 142 201 32 9 105 209 60 184 142 201 32 202 105 2 60 184 142 201 32 9 105 2 60 184 142 201 32 202 105 209 60 27 142 201 32 9 105 209 60 27 142 201 32 202 105 2 60 27 142 201 32 9 105 2 60 27 142 201 32 202 105 209 60 184 142 10 32 9 105 209 60 184 142 10 32 202 105 
128 2 60 190 164 197 102 4 106 209 60 21 164 14 102 4 106 209 60 21 164 197 102 4 106 209 60 190 164 14 102 4 106 209 60 190 164 197 102 207 106 2 60 21 164 14 102 207 106 2 60 21 164 197 102 207 106 2 60 190 164 14 102 207 106 2 60 190 164 197 102 207 106 209 60 21 164 14 102 207 106 209 60 21 164 197 102 207 106 209 60 190 164 14 102 207 106 209 60 190 164 197 102 4 106 2 60 21 164 14 102 4 106 2 60 21 164 197 102 4 106 2 60 190 164 14 102 4 106 
128 2 68 15 149 205 47 100 139 209 68 196 149 6 47 111 139 2 68 196 149 6 47 111 139 209 68 196 149 6 47 100 139 2 68 196 149 6 47 100 139 209 68 196 149 205 47 111 139 2 68 196 149 205 47 111 139 209 68 196 149 205 47 100 139 2 68 196 149 205 47 100 139 209 68 15 149 6 47 111 139 2 68 15 149 6 47 111 139 209 68 15 149 6 47 100 139 2 68 15 149 6 47 100 139 209 68 15 149 205 47 111 139 2 68 15 149 205 47 111 139 209 68 15 149 205 47 100 139 
128 2 72 100 164 205 62 15 143 209 72 111 164 205 62 15 143 2 72 111 164 205 62 15 143 209 72 100 164 6 62 15 143 2 72 100 164 6 62 15 143 209 72 111 164 6 62 15 143 2 72 111 164 6 62 15 143 209 72 100 164 205 62 196 143 2 72 100 164 205 62 196 143 209 72 111 164 205 62 196 143 2 72 111 164 205 62 196 143 209 72 100 164 6 62 196 143 2 72 100 164 6 62 196 143 209 72 111 164 6 62 196 143 2 72 111 164 6 62 196 143 209 72 100 164 205 62 15 143 
128 2 105 4 109 14 47 190 151 2 105 4 109 197 47 21 151 2 105 4 109 14 47 21 151 2 105 4 109 197 47 190 151 209 105 207 109 14 47 190 151 209 105 207 109 197 47 21 151 209 105 207 109 14 47 21 151 209 105 207 109 197 47 190 151 2 105 207 109 14 47 190 151 2 105 207 109 197 47 21 151 2 105 207 109 14 47 21 151 2 105 207 109 197 47 190 151 209 105 4 109 14 47 190 151 209 105 4 109 197 47 21 151 209 105 4 109 14 47 21 151 209 105 4 109 197 47 190 151 
128 2 106 202 179 10 69 184 151 209 106 9 179 10 69 184 151 209 106 202 179 201 69 27 151 2 106 9 179 201 69 27 151 2 106 202 179 201 69 27 151 209 106 9 179 201 69 27 151 209 106 202 179 201 69 184 151 2 106 9 179 201 69 184 151 2 106 202 179 201 69 184 151 209 106 9 179 201 69 184 151 209 106 202 179 10 69 27 151 2 106 9 179 10 69 27 151 2 106 202 179 10 69 27 151 209 106 9 179 10 69 27 151 209 106 202 179 10 69 184 151 2 106 9 179 10 69 184 151 
128 3 61 26 142 11 32 8 104 208 61 26 142 11 32 203 104 208 61 26 142 11 32 8 104 3 61 185 142 11 32 203 104 3 61 185 142 11 32 8 104 208 61 185 142 11 32 203 104 208 61 185 142 11 32 8 104 3 61 26 142 200 32 203 104 3 61 26 142 200 32 8 104 208 61 26 142 200 32 203 104 208 61 26 142 200 32 8 104 3 61 185 142 200 32 203 104 3 61 185 142 200 32 8 104 208 61 185 142 200 32 203 104 208 61 185 142 200 32 8 104 3 61 26 142 11 32 203 104 
128 3 61 191 165 196 103 207 107 3 61 191 165 15 103 4 107 208 61 20 165 196 103 4 107 208 61 20 165 15 103 4 107 208 61 191 165 196 103 4 107 208 61 191 165 15 103 4 107 3 61 20 165 196 103 4 107 3 61 20 165 15 103 4 107 3 61 191 165 196 103 4 107 3 61 191 165 15 103 207 107 208 61 20 165 196 103 207 107 208 61 20 165 15 103 207 107 208 61 191 165 196 103 207 107 208 61 191 165 15 103 207 107 3 61 20 165 196 103 207 107 3 61 20 165 15 103 207 107 
128 3 68 197 148 7 46 101 138 208 68 14 148 204 46 110 138 3 68 14 148 204 46 110 138 208 68 14 148 204 46 101 138 3 68 14 148 204 46 101 138 208 68 14 148 7 46 110 138 3 68 14 148 7 46 110 138 208 68 14 148 7 46 101 138 3 68 14 148 7 46 101 138 208 68 197 148 204 46 110 138 3 68 197 148 204 46 110 138 208 68 197 148 204 46 101 138 3 68 197 148 204 46 101 138 208 68 197 148 7 46 110 138 3 68 197 148 7 46 110 138 208 68 197 148 7 46 101 138 
128 3 73 101 165 7 63 197 143 208 73 110 165 7 63 197 143 3 73 110 165 7 63 197 143 208 73 101 165 204 63 197 143 3 73 101 165 204 63 197 143 208 73 110 165 204 63 197 143 3 73 110 165 204 63 197 143 208 73 101 165 7 63 14 143 3 73 101 165 7 63 14 143 208 73 110 165 7 63 14 143 3 73 110 165 7 63 14 143 208 73 101 165 204 63 14 143 3 73 101 165 204 63 14 143 208 73 110 165 204 63 14 143 3 73 110 165 204 63 14 143 208 73 101 165 7 63 197 143 
128 3 104 207 108 196 46 191 150 3 104 207 108 15 46 20 150 3 104 207 108 196 46 20 150 3 104 207 108 15 46 191 150 208 104 207 108 196 46 191 150 208 104 207 108 15 46 20 150 208 104 207 108 196 46 20 150 208 104 207 108 15 46 191 150 3 104 4 108 196 46 191 150 3 104 4 108 15 46 20 150 3 104 4 108 196 46 20 150 3 104 4 108 15 46 191 150 208 104 4 108 196 46 191 150 208 104 4 108 15 46 20 150 208 104 4 108 196 46 20 150 208 104 4 108 15 46 191 150 
128 3 107 203 179 11 69 26 150 3 107 8 179 200 69 185 150 208 107 203 179 200 69 185 150 208 107 8 179 200 69 185 150 3 107 203 179 200 69 185 150 3 107 8 179 200 69 26 150 208 107 203 179 200 69 26 150 208 107 8 179 200 69 26 150 3 107 203 179 200 69 26 150 3 107 8 179 11 69 185 150 208 107 203 179 11 69 185 150 208 107 8 179 11 69 185 150 3 107 203 179 11 69 185 150 3 107 8 179 11 69 26 150 208 107 203 179 11 69 26 150 208 107 8 179 11 69 26 150 
128 4 102 27 165 204 148 195 105 207 102 184 165 204 148 195 105 207 102 27 165 204 148 195 105 4 102 184 165 204 148 195 105 4 102 27 165 204 148 16 105 207 102 184 165 204 148 16 105 207 102 27 165 204 148 16 105 4 102 184 165 204 148 16 105 4 102 27 165 7 148 195 105 207 102 184 165 7 148 195 105 207 102 27 165 7 148 195 105 4 102 184 165 7 148 195 105 4 102 27 165 7 148 16 105 207 102 184 165 7 148 16 105 207 102 27 165 7 148 16 105 4 102 184 165 7 148 16 105 
128 4 103 26 164 205 149 17 104 207 103 185 164 205 149 17 104 207 103 26 164 6 149 194 104 4 103 185 164 6 149 194 104 4 103 26 164 6 149 194 104 207 103 185 164 6 149 194 104 207 103 26 164 6 149 17 104 4 103 185 164 6 149 17 104 4 103 26 164 6 149 17 104 207 103 185 164 6 149 17 104 207 103 26 164 205 149 194 104 4 103 185 164 205 149 194 104 4 103 26 164 205 149 194 104 207 103 185 164 205 149 194 104 207 103 26 164 205 149 17 104 4 103 185 164 205 149 17 104 
128 4 106 16 63 7 46 184 109 4 106 16 63 7 46 27 109 207 106 16 63 7 46 184 109 207 106 16 63 7 46 27 109 4 106 195 63 7 46 184 109 4 106 195 63 7 46 27 109 207 106 195 63 7 46 184 109 207 106 195 63 7 46 27 109 4 106 16 63 204 46 184 109 4 106 16 63 204 46 27 109 207 106 16 63 204 46 184 109 207 106 16 63 204 46 27 109 4 106 195 63 204 46 184 109 4 106 195 63 204 46 27 109 207 106 195 63 204 46 184 109 207 106 195 63 204 46 27 109 
128 4 107 17 62 205 47 185 108 4 107 17 62 205 47 26 108 207 107 194 62 205 47 185 108 207 107 194 62 205 47 26 108 4 107 194 62 205 47 185 108 4 107 194 62 205 47 26 108 207 107 17 62 6 47 185 108 207 107 17 62 6 47 26 108 4 107 17 62 6 47 185 108 4 107 17 62 6 47 26 108 207 107 194 62 6 47 185 108 207 107 194 62 6 47 26 108 4 107 194 62 6 47 185 108 4 107 194 62 6 47 26 108 207 107 17 62 205 47 185 108 207 107 17 62 205 47 26 108 
128 5 102 187 47 8 60 192 105 206 102 24 47 8 60 192 105 206 102 187 47 203 60 19 105 5 102 24 47 203 60 19 105 5 102 187 47 203 60 19 105 206 102 24 47 203 60 19 105 206 102 187 47 203 60 192 105 5 102 24 47 203 60 192 105 5 102 187 47 203 60 192 105 206 102 24 47 203 60 192 105 206 102 187 47 8 60 19 105 5 102 24 47 8 60 19 105 5 102 187 47 8 60 19 105 206 102 24 47 8 60 19 105 206 102 187 47 8 60 192 105 5 102 24 47 8 60 192 105 
128 5 103 186 46 202 61 193 104 206 103 25 46 202 61 193 104 206 103 186 46 9 61 18 104 5 103 25 46 9 61 18 104 5 103 186 46 9 61 18 104 206 103 25 46 9 61 18 104 206 103 186 46 9 61 193 104 5 103 25 46 9 61 193 104 5 103 186 46 9 61 193 104 206 103 25 46 9 61 193 104 206 103 186 46 202 61 18 104 5 103 25 46 202 61 18 104 5 103 186 46 202 61 18 104 206 103 25 46 202 61 18 104 206 103 186 46 202 61 193 104 5 103 25 46 202 61 193 104 
128 5 106 192 151 8 164 24 109 5 106 192 151 8 164 187 109 206 106 19 151 8 164 24 109 206 106 19 151 8 164 187 109 5 106 19 151 8 164 24 109 5 106 19 151 8 164 187 109 206 106 192 151 203 164 24 109 206 106 192 151 203 164 187 109 5 106 192 151 203 164 24 109 5 106 192 151 203 164 187 109 206 106 19 151 203 164 24 109 206 106 19 151 203 164 187 109 5 106 19 151 203 164 24 109 5 106 19 151 203 164 187 109 206 106 192 151 8 164 24 109 206 106 192 151 8 164 187 109 
128 5 107 193 150 202 165 25 108 5 107 193 150 202 165 186 108 206 107 18 150 202 165 25 108 206 107 18 150 202 165 186 108 5 107 18 150 202 165 25 108 5 107 18 150 202 165 186 108 206 107 193 150 9 165 25 108 206 107 193 150 9 165 186 108 5 107 193 150 9 165 25 108 5 107 193 150 9 165 186 108 206 107 18 150 9 165 25 108 206 107 18 150 9 165 186 108 5 107 18 150 9 165 25 108 5 107 18 150 9 165 186 108 206 107 193 150 202 165 25 108 206 107 193 150 202 165 186 108 
128 6 33 22 107 8 32 191 105 205 33 22 107 8 32 191 105 6 33 189 107 203 32 191 105 205 33 189 107 203 32 191 105 6 33 22 107 203 32 191 105 205 33 22 107 203 32 191 105 6 33 189 107 8 32 20 105 205 33 189 107 8 32 20 105 6 33 22 107 8 32 20 105 205 33 22 107 8 32 20 105 6 33 189 107 203 32 20 105 205 33 189 107 203 32 20 105 6 33 22 107 203 32 20 105 205 33 22 107 203 32 20 105 6 33 189 107 8 32 191 105 205 33 189 107 8 32 191 105 
128 6 106 191 179 8 104 189 178 205 106 191 179 8 104 189 178 6 106 20 179 203 104 22 178 205 106 20 179 203 104 22 178 6 106 20 179 203 104 189 178 205 106 20 179 203 104 189 178 6 106 20 179 8 104 22 178 205 106 20 179 8 104 22 178 6 106 20 179 8 104 189 178 205 106 20 179 8 104 189 178 6 106 191 179 203 104 22 178 205 106 191 179 203 104 22 178 6 106 191 179 203 104 189 178 205 106 191 179 203 104 189 178 6 106 191 179 8 104 22 178 205 106 191 179 8 104 22 178 
128 7 33 188 106 202 32 190 104 204 33 188 106 202 32 190 104 7 33 23 106 9 32 190 104 204 33 23 106 9 32 190 104 7 33 188 106 9 32 190 104 204 33 188 106 9 32 190 104 7 33 23 106 202 32 21 104 204 33 23 106 202 32 21 104 7 33 188 106 202 32 21 104 204 33 188 106 202 32 21 104 7 33 23 106 9 32 21 104 204 33 23 106 9 32 21 104 7 33 188 106 9 32 21 104 204 33 188 106 9 32 21 104 7 33 23 106 202 32 190 104 204 33 23 106 202 32 190 104 
128 7 107 190 179 202 105 23 178 204 107 190 179 202 105 23 178 7 107 21 179 9 105 188 178 204 107 21 179 9 105 188 178 7 107 21 179 9 105 23 178 204 107 21 179 9 105 23 178 7 107 21 179 202 105 188 178 204 107 21 179 202 105 188 178 7 107 21 179 202 105 23 178 204 107 21 179 202 105 23 178 7 107 190 179 9 105 188 178 204 107 190 179 9 105 188 178 7 107 190 179 9 105 23 178 204 107 190 179 9 105 23 178 7 107 190 179 202 105 188 178 204 107 190 179 202 105 188 178 
128 10 32 190 107 18 61 12 69 201 32 21 107 18 61 12 69 201 32 190 107 18 61 12 69 10 32 21 107 18 61 12 69 10 32 190 107 18 61 199 69 201 32 21 107 18 61 199 69 201 32 190 107 18 61 199 69 10 32 21 107 18 61 199 69 10 32 190 107 193 61 12 69 201 32 21 107 193 61 12 69 201 32 190 107 193 61 12 69 10 32 21 107 193 61 12 69 10 32 190 107 193 61 199 69 201 32 21 107 193 61 199 69 201 32 190 107 193 61 199 69 10 32 21 107 193 61 199 69 
128 10 33 23 105 195 63 14 68 201 33 188 105 195 63 14 68 201 33 23 105 195 63 14 68 10 33 188 105 195 63 14 68 10 33 23 105 195 63 197 68 201 33 188 105 195 63 197 68 201 33 23 105 195 63 197 68 10 33 188 105 195 63 197 68 10 33 23 105 16 63 14 68 201 33 188 105 16 63 14 68 201 33 23 105 16 63 14 68 10 33 188 105 16 63 14 68 10 33 23 105 16 63 197 68 201 33 188 105 16 63 197 68 201 33 23 105 16 63 197 68 10 33 188 105 16 63 197 68 
128 10 142 199 150 193 104 190 179 201 142 199 150 193 104 21 179 201 142 199 150 193 104 190 179 10 142 12 150 193 104 21 179 10 142 12 150 193 104 190 179 201 142 12 150 193 104 21 179 201 142 12 150 193 104 190 179 10 142 199 150 18 104 21 179 10 142 199 150 18 104 190 179 201 142 199 150 18 104 21 179 201 142 199 150 18 104 190 179 10 142 12 150 18 104 21 179 10 142 12 150 18 104 190 179 201 142 12 150 18 104 21 179 201 142 12 150 18 104 190 179 10 142 199 150 193 104 21 179 
128 10 143 197 148 16 106 188 178 10 143 197 148 16 106 23 178 201 143 197 148 16 106 188 178 201 143 197 148 16 106 23 178 10 143 14 148 16 106 188 178 10 143 14 148 16 106 23 178 201 143 14 148 16 106 188 178 201 143 14 148 16 106 23 178 10 143 197 148 195 106 188 178 10 143 197 148 195 106 23 178 201 143 197 148 195 106 188 178 201 143 197 148 195 106 23 178 10 143 14 148 195 106 188 178 10 143 14 148 195 106 23 178 201 143 14 148 195 106 188 178 201 143 14 148 195 106 23 178 
128 11 32 191 106 19 60 13 69 200 32 20 106 19 60 13 69 200 32 191 106 19 60 13 69 11 32 20 106 19 60 13 69 11 32 191 106 19 60 198 69 200 32 20 106 19 60 198 69 200 32 191 106 19 60 198 69 11 32 20 106 19 60 198 69 11 32 191 106 192 60 13 69 200 32 20 106 192 60 13 69 200 32 191 106 192 60 13 69 11 32 20 106 192 60 13 69 11 32 191 106 192 60 198 69 200 32 20 106 192 60 198 69 200 32 191 106 192 60 198 69 11 32 20 106 192 60 198 69 
128 11 33 189 104 194 62 196 68 200 33 22 104 194 62 196 68 200 33 189 104 194 62 196 68 11 33 22 104 194 62 196 68 11 33 189 104 194 62 15 68 200 33 22 104 194 62 15 68 200 33 189 104 194 62 15 68 11 33 22 104 194 62 15 68 11 33 189 104 17 62 196 68 200 33 22 104 17 62 196 68 200 33 189 104 17 62 196 68 11 33 22 104 17 62 196 68 11 33 189 104 17 62 15 68 200 33 22 104 17 62 15 68 200 33 189 104 17 62 15 68 11 33 22 104 17 62 15 68 
128 11 142 198 151 192 105 191 179 200 142 198 151 192 105 20 179 200 142 198 151 192 105 191 179 11 142 13 151 192 105 20 179 11 142 13 151 192 105 191 179 200 142 13 151 192 105 20 179 200 142 13 151 192 105 191 179 11 142 198 151 19 105 20 179 11 142 198 151 19 105 191 179 200 142 198 151 19 105 20 179 200 142 198 151 19 105 191 179 11 142 13 151 19 105 20 179 11 142 13 151 19 105 191 179 200 142 13 151 19 105 20 179 200 142 13 151 19 105 191 179 11 142 198 151 192 105 20 179 
128 11 143 15 149 17 107 22 178 11 143 15 149 17 107 189 178 200 143 15 149 17 107 22 178 200 143 15 149 17 107 189 178 11 143 196 149 17 107 22 178 11 143 196 149 17 107 189 178 200 143 196 149 17 107 22 178 200 143 196 149 17 107 189 178 11 143 15 149 194 107 22 178 11 143 15 149 194 107 189 178 200 143 15 149 194 107 22 178 200 143 15 149 194 107 189 178 11 143 196 149 194 107 22 178 11 143 196 149 194 107 189 178 200 143 196 149 194 107 22 178 200 143 196 149 194 107 189 178 
128 12 47 187 109 13 46 186 108 199 47 187 109 13 46 186 108 12 47 24 109 198 46 25 108 199 47 24 109 198 46 25 108 12 47 24 109 198 46 186 108 199 47 24 109 198 46 186 108 12 47 24 109 13 46 25 108 199 47 24 109 13 46 25 108 12 47 24 109 13 46 186 108 199 47 24 109 13 46 186 108 12 47 187 109 198 46 25 108 199 47 187 109 198 46 25 108 12 47 187 109 198 46 186 108 199 47 187 109 198 46 186 108 12 47 187 109 13 46 25 108 199 47 187 109 13 46 25 108 
128 12 103 25 165 13 102 187 164 199 103 25 165 13 102 187 164 12 103 186 165 198 102 187 164 199 103 186 165 198 102 187 164 12 103 25 165 198 102 187 164 199 103 25 165 198 102 187 164 12 103 186 165 13 102 24 164 199 103 186 165 13 102 24 164 12 103 25 165 13 102 24 164 199 103 25 165 13 102 24 164 12 103 186 165 198 102 24 164 199 103 186 165 198 102 24 164 12 103 25 165 198 102 24 164 199 103 25 165 198 102 24 164 12 103 186 165 13 102 187 164 199 103 186 165 13 102 187 164 
128 14 47 26 103 15 46 27 102 197 47 185 103 196 46 184 102 14 47 185 103 196 46 184 102 197 47 185 103 196 46 27 102 14 47 185 103 196 46 27 102 197 47 185 103 15 46 184 102 14 47 185 103 15 46 184 102 197 47 185 103 15 46 27 102 14 47 185 103 15 46 27 102 197 47 26 103 196 46 184 102 14 47 26 103 196 46 184 102 197 47 26 103 196 46 27 102 14 47 26 103 196 46 27 102 197 47 26 103 15 46 184 102 14 47 26 103 15 46 184 102 197 47 26 103 15 46 27 102 
128 14 109 27 165 15 108 26 164 197 109 184 165 15 108 26 164 14 109 184 165 15 108 26 164 197 109 27 165 196 108 26 164 14 109 27 165 196 108 26 164 197 109 184 165 196 108 26 164 14 109 184 165 196 108 26 164 197 109 27 165 15 108 185 164 14 109 27 165 15 108 185 164 197 109 184 165 15 108 185 164 14 109 184 165 15 108 185 164 197 109 27 165 196 108 185 164 14 109 27 165 196 108 185 164 197 109 184 165 196 108 185 164 14 109 184 165 196 108 185 164 197 109 27 165 15 108 26 164 
128 16 69 26 61 191 46 101 73 195 69 185 61 191 46 101 73 16 69 185 61 191 46 101 73 195 69 26 61 20 46 101 73 16 69 26 61 20 46 101 73 195 69 185 61 20 46 101 73 16 69 185 61 20 46 101 73 195 69 26 61 191 46 110 73 16 69 26 61 191 46 110 73 195 69 185 61 191 46 110 73 16 69 185 61 191 46 110 73 195 69 26 61 20 46 110 73 16 69 26 61 20 46 110 73 195 69 185 61 20 46 110 73 16 69 185 61 20 46 110 73 195 69 26 61 191 46 101 73 
128 16 138 101 165 191 150 26 142 195 138 110 165 20 150 185 142 16 138 110 165 20 150 185 142 195 138 110 165 20 150 26 142 16 138 110 165 20 150 26 142 195 138 110 165 191 150 185 142 16 138 110 165 191 150 185 142 195 138 110 165 191 150 26 142 16 138 110 165 191 150 26 142 195 138 101 165 20 150 185 142 16 138 101 165 20 150 185 142 195 138 101 165 20 150 26 142 16 138 101 165 20 150 26 142 195 138 101 165 191 150 185 142 16 138 101 165 191 150 185 142 195 138 101 165 191 150 26 142 
128 17 69 184 60 190 47 100 72 194 69 27 60 190 47 100 72 17 69 27 60 190 47 100 72 194 69 184 60 21 47 100 72 17 69 184 60 21 47 100 72 194 69 27 60 21 47 100 72 17 69 27 60 21 47 100 72 194 69 184 60 190 47 111 72 17 69 184 60 190 47 111 72 194 69 27 60 190 47 111 72 17 69 27 60 190 47 111 72 194 69 184 60 21 47 111 72 17 69 184 60 21 47 111 72 194 69 27 60 21 47 111 72 17 69 27 60 21 47 111 72 194 69 184 60 190 47 100 72 
128 17 139 100 164 190 151 184 142 194 139 111 164 21 151 27 142 17 139 111 164 21 151 27 142 194 139 111 164 21 151 184 142 17 139 111 164 21 151 184 142 194 139 111 164 190 151 27 142 17 139 111 164 190 151 27 142 194 139 111 164 190 151 184 142 17 139 111 164 190 151 184 142 194 139 100 164 21 151 27 142 17 139 100 164 21 151 27 142 194 139 100 164 21 151 184 142 17 139 100 164 21 151 184 142 194 139 100 164 190 151 27 142 17 139 100 164 190 151 27 142 194 139 100 164 190 151 184 142 
128 18 68 24 63 189 46 111 73 193 68 187 63 189 46 111 73 18 68 187 63 189 46 111 73 193 68 24 63 22 46 111 73 18 68 24 63 22 46 111 73 193 68 187 63 22 46 111 73 18 68 187 63 22 46 111 73 193 68 24 63 189 46 100 73 18 68 24 63 189 46 100 73 193 68 187 63 189 46 100 73 18 68 187 63 189 46 100 73 193 68 24 63 22 46 100 73 18 68 24 63 22 46 100 73 193 68 187 63 22 46 100 73 18 68 187 63 22 46 100 73 193 68 24 63 189 46 111 73 
128 18 138 111 165 189 148 24 143 193 138 100 165 22 148 187 143 18 138 100 165 22 148 187 143 193 138 100 165 22 148 24 143 18 138 100 165 22 148 24 143 193 138 100 165 189 148 187 143 18 138 100 165 189 148 187 143 193 138 100 165 189 148 24 143 18 138 100 165 189 148 24 143 193 138 111 165 22 148 187 143 18 138 111 165 22 148 187 143 193 138 111 165 22 148 24 143 18 138 111 165 22 148 24 143 193 138 111 165 189 148 187 143 18 138 111 165 189 148 187 143 193 138 111 165 189 148 24 143 
128 19 68 186 62 23 47 101 72 192 68 186 62 23 47 101 72 19 68 25 62 188 47 101 72 192 68 25 62 188 47 101 72 19 68 186 62 188 47 101 72 192 68 186 62 188 47 101 72 19 68 25 62 23 47 110 72 192 68 25 62 23 47 110 72 19 68 186 62 23 47 110 72 192 68 186 62 23 47 110 72 19 68 25 62 188 47 110 72 192 68 25 62 188 47 110 72 19 68 186 62 188 47 110 72 192 68 186 62 188 47 110 72 19 68 25 62 23 47 101 72 192 68 25 62 23 47 101 72 
128 19 139 101 164 23 149 25 143 192 139 101 164 23 149 25 143 19 139 110 164 188 149 186 143 192 139 110 164 188 149 186 143 19 139 110 164 188 149 25 143 192 139 110 164 188 149 25 143 19 139 110 164 23 149 186 143 192 139 110 164 23 149 186 143 19 139 110 164 23 149 25 143 192 139 110 164 23 149 25 143 19 139 101 164 188 149 186 143 192 139 101 164 188 149 186 143 19 139 101 164 188 149 25 143 192 139 101 164 188 149 25 143 19 139 101 164 23 149 186 143 192 139 101 164 23 149 186 143 
